IESNA:LM-63-2002
[TEST] LTL15810
[TESTDATE] 2/23/2007
[ISSUEDATE] 1/24/2014
[TESTLAB] ACUITY BRANDS LIGHTING CONYERS LAB
[TESTMETHOD] IES LM-46:2004
[MANUFAC] Lithonia Lighting
[LUMCAT] TH 400S A14 (LEG 3, SC=1.4)
[LUMINAIRE] AISLEWAY OPEN HIGHBAY INDUSTRIAL WITH ALUMINUM REFLECTOR
[LAMPCAT] LU400
[LAMP] ONE 400-WATT CLEAR ET18 HIGH PRESSURE SODIUM, VERTICAL BASE UP POSITION
[BALLAST] RACK
[BALLASTCAT] 
[DISTRIBUTION] DIRECT, SC-0=1.3, SC-90=1.46
[_LAMPPOSITION] 0 , 0
[_LAMPTYPE] HIGH PRESSURE SODIUM
[_LAMPWATTAGE] 400
[_LAMPLUMENS] 50000
[_MOUNTING] Suspended
[_FAMILY] TH A14
[_PRODUCTID] ce5ffc69-5a0e-40ab-bd8b-71ecaa816085
[_BALLAST_TYPE] MAGNETIC
[_FIXTURE_TYPE] PENDANT
[_TERCAT] Highbay, Nonlinear                                
[_TER] 49
TILT=NONE
1  50000  1  73  5  1  1  1.31  1.17  0
1  1  453
0  2.5  5  7.5  10  12.5  15  17.5  20  22.5  25  27.5  30
32.5  35  37.5  40  42.5  45  47.5  50  52.5  55  57.5  60
62.5  65  67.5  70  72.5  75  77.5  80  82.5  85  87.5  90
92.5  95  97.5  100  102.5  105  107.5  110  112.5  115
117.5  120  122.5  125  127.5  130  132.5  135  137.5  140
142.5  145  147.5  150  152.5  155  157.5  160  162.5  165  167.5  170  172.5  175  177.5  180
0  22.5  45  67.5  90
7219  7390  7508  7904  8177  7889  7340  6967  6771  6681
6548  6368  6227  6100  6245  5954  5919  5884  5857  5826
5719  5270  4651  4000  3320  2646  1995  1353  764  419
301  221  165  103  60  20  10  8  13  8  10  15  13  13
10  13  8  18  28  33  48  53  53  45  50  83  223  381
278  65  10  18  8  3  10  8  5  8  0  8  3  10  15
7219  7389  7860  9223  11256  13001  14356  15830  17325
19190  20868  22245  23448  24544  25358  25766  25862  25781
25614  25292  24356  22456  19869  16850  13673  10557  7791
5482  3523  2065  1069  544  302  164  84  35  20  13  15
15  14  24  19  16  18  20  19  24  20  13  21  28  23  20
24  16  11  8  13  11  9  10  8  9  4  8  3  5  5  6  3
6  15
7219  7688  8844  10993  13311  15212  16774  17426  18103
17672  16867  16071  15425  14947  14239  13583  12860  12024
11067  9951  8742  7358  5932  4641  3537  2609  1862  1220
659  303  208  155  127  91  66  44  36  33  36  29  33
39  40  36  36  36  35  41  38  29  34  35  33  31  34  31
31  26  31  28  30  28  25  23  30  30  29  28  24  24  20
25  15
7219  7879  9582  11688  13296  14443  14759  14421  14308
14501  14579  14468  14173  13693  13074  12323  11369  10238
9057  7932  6960  6152  5160  4213  3447  2755  2108  1477
866  336  150  109  88  64  46  34  29  28  28  18  21  31
30  26  26  36  30  30  29  31  132  299  403  431  437
439  425  411  402  376  336  209  38  16  20  20  19  19
13  18  10  18  15
7219  7942  9794  11731  12630  12811  12302  11483  10844
10340  10067  9014  8358  7701  7074  6538  6019  5558  5205
4989  4867  4817  4659  4120  3516  2884  2255  1624  1010
446  173  133  118  100  90  70  68  55  58  43  45  45
45  43  50  103  158  183  203  205  218  223  231  283
348  406  449  436  358  331  303  205  110  33  43  45
40  43  33  43  38  45  15
