IESNA:LM-63-2002
[TEST] LTL15798
[TESTDATE] 2/21/2007
[ISSUEDATE] 1/24/2014
[TESTLAB] ACUITY BRANDS LIGHTING CONYERS LAB
[TESTMETHOD] IES LM-46:2004
[MANUFAC] Lithonia Lighting
[LUMCAT] TH 400MP A14 (LEG 10, SC=1.2)
[LUMINAIRE] AISLEWAY OPEN HIGHBAY INDUSTRIAL WITH ALUMINUM REFLECTOR (NON-US SHIPMENT)
[LAMPCAT] MP400/BU-ONLY
[LAMP] ONE 400-WATT CLEAR BT-37 METAL HALIDE, VERTICAL BASE-UP POSITION (SYLVANIA)
[BALLAST] RACK
[BALLASTCAT] 
[DISTRIBUTION] DIRECT, SC-0=0.82, SC-90=1.22
[_LAMPPOSITION] 0 , 0
[_LAMPTYPE] METAL HALIDE STANDARD (250W AND ABOVE)
[_LAMPWATTAGE] 400
[_LAMPLUMENS] 40000
[_MOUNTING] Suspended
[_FAMILY] TH A14
[_PRODUCTID] 55154776-9922-4ecd-8dd5-e92a6daa6ab8
[_BALLAST_TYPE] MAGNETIC
[_FIXTURE_TYPE] DOWNLIGHTS
[_TERCAT] Highbay, Nonlinear                                
[_TER] 40
TILT=NONE
1  40000  1  73  5  1  1  1.31  1.17  0
1  1  458
0  2.5  5  7.5  10  12.5  15  17.5  20  22.5  25  27.5  30
32.5  35  37.5  40  42.5  45  47.5  50  52.5  55  57.5  60
62.5  65  67.5  70  72.5  75  77.5  80  82.5  85  87.5  90
92.5  95  97.5  100  102.5  105  107.5  110  112.5  115
117.5  120  122.5  125  127.5  130  132.5  135  137.5  140
142.5  145  147.5  150  152.5  155  157.5  160  162.5  165  167.5  170  172.5  175  177.5  180
0  22.5  45  67.5  90
9366  9265  8773  8132  7582  7094  6618  6247  6032  5890
5826  5716  5603  5468  5363  5223  5024  4765  4523  4294
4088  3840  3165  2322  1404  893  669  534  426  323  238
179  135  92  62  34  21  23  21  18  25  25  25  32  27
37  30  30  32  37  46  66  101  135  158  204  293  600
886  994  1397  1479  925  44  5  14  9  9  2  9  7  9  15
9366  9297  8885  8380  8172  8525  9396  10808  12859  15077
17344  19624  21635  23310  24438  25606  25417  23822  21210
18086  14860  11942  9296  6752  4292  2599  1557  985  661
471  355  261  190  135  94  46  30  34  33  34  32  34
39  37  42  47  41  45  45  46  41  42  54  60  69  69  89
131  179  165  149  136  73  26  7  15  9  13  9  10  8
11  15
9366  9306  9066  8877  9244  10358  11849  13792  15577
16833  17432  17300  16765  15854  14381  12454  10254  8174
6462  5126  4233  3657  2986  2196  1310  710  511  401
324  248  202  166  126  96  81  54  41  44  44  46  47
46  52  50  50  60  54  52  54  54  52  52  62  47  52  48
48  45  41  34  39  25  25  26  25  37  33  38  29  18  17
18  15
9366  9317  9305  9532  10443  11833  12955  14066  15194
16104  16619  16486  15574  13734  11307  8966  7078  5575
4495  3860  3557  3367  3213  2672  1885  966  487  354
275  206  168  140  102  80  65  49  40  45  38  40  46
48  52  44  39  50  55  71  74  74  80  103  133  273  443
615  767  911  951  579  302  197  72  37  27  27  26  27
22  18  17  16  15
9366  9347  9464  9996  11154  12258  12521  12757  12890
12393  11221  9991  8475  6847  5516  4669  4136  3808  3607
3398  3291  3204  3151  2878  2178  1250  504  337  263
206  185  172  151  128  114  92  71  73  76  57  44  57
62  50  57  71  64  142  245  282  353  414  437  485  508
408  465  637  749  957  1195  1074  499  110  44  46  37
39  34  34  34  41  15
