IESNA:LM-63-2002
[TEST] LTL15800
[TESTDATE] 2/21/2007
[ISSUEDATE] 1/24/2014
[TESTLAB] ACUITY BRANDS LIGHTING CONYERS LAB
[TESTMETHOD] IES LM-46:2004
[MANUFAC] Lithonia Lighting
[LUMCAT] TH 400MP A14 (LEG 12, SC=0.9)
[LUMINAIRE] AISLEWAY OPEN HIGHBAY INDUSTRIAL WITH ALUMINUM REFLECTOR (NON-US SHIPMENT)
[LAMPCAT] MP400/BU-ONLY
[LAMP] ONE 400-WATT CLEAR BT-37 METAL HALIDE, VERTICAL BASE-UP POSITION (SYLVANIA)
[BALLAST] RACK
[BALLASTCAT] 
[DISTRIBUTION] DIRECT, SC-0=0.66, SC-90=0.91
[_LAMPPOSITION] 0 , 0
[_LAMPTYPE] METAL HALIDE STANDARD (250W AND ABOVE)
[_LAMPWATTAGE] 400
[_LAMPLUMENS] 40000
[_MOUNTING] Suspended
[_FAMILY] TH A14
[_PRODUCTID] c9b7b70e-8e85-46dc-85a3-11c549b05992
[_BALLAST_TYPE] MAGNETIC
[_FIXTURE_TYPE] DOWNLIGHTS
[_TERCAT] Highbay, Nonlinear                                
[_TER] 44
TILT=NONE
1  40000  1  73  5  1  1  1.31  1.17  0
1  1  458
0  2.5  5  7.5  10  12.5  15  17.5  20  22.5  25  27.5  30
32.5  35  37.5  40  42.5  45  47.5  50  52.5  55  57.5  60
62.5  65  67.5  70  72.5  75  77.5  80  82.5  85  87.5  90
92.5  95  97.5  100  102.5  105  107.5  110  112.5  115
117.5  120  122.5  125  127.5  130  132.5  135  137.5  140
142.5  145  147.5  150  152.5  155  157.5  160  162.5  165  167.5  170  172.5  175  177.5  180
0  22.5  45  67.5  90
16072  15977  15510  15100  14069  12535  10930  9631  8748
8118  7612  7099  6611  6153  5741  5235  4795  4440  4168
3923  3618  2858  1951  1108  785  621  492  394  323  263
167  133  103  71  48  32  21  27  27  27  30  34  30  37
37  34  39  53  78  108  128  151  169  231  348  547  744
1134  1566  2063  2439  2253  1163  103  16  9  16  14  11
11  11  11  13
16072  16029  16011  16465  17321  18240  19019  20796  22499
24231  25818  27157  28230  28590  27455  24461  20447  16501
13347  11075  9238  7204  4874  2883  1716  1084  732  521
398  325  245  189  145  104  66  42  31  34  34  40  40
45  42  44  46  46  46  47  55  56  62  73  78  90  112
127  180  246  306  327  300  289  136  42  13  11  16  10
9  13  11  7  13
16072  16563  17526  18735  20196  21658  22940  23692  23630
22826  21255  19121  16437  13396  10500  8168  6352  4997
4118  3560  3233  2614  1839  1011  616  472  378  303  245
210  157  119  102  76  61  52  42  44  44  50  49  53  54
61  60  56  56  55  63  56  56  63  63  61  69  77  96  97
49  41  29  29  27  29  22  24  33  30  23  16  15  16  13
16072  16886  18728  20220  21174  21446  20952  20064  19476
18816  17375  14783  11807  8859  6805  5316  4317  3697
3360  3202  3096  2990  2424  1603  734  442  339  268  203
179  139  100  86  69  62  52  46  48  42  50  53  54  61
76  80  76  77  88  108  165  319  455  564  658  750  822
959  829  437  242  156  74  42  33  21  19  21  18  18
15  14  8  13
16072  17035  19721  20557  20777  19712  17825  16023  14401
12459  10014  7497  5677  4589  3920  3561  3348  3213  3117
3039  2995  2961  2675  1953  994  449  323  252  192  172
144  117  112  105  96  87  76  78  80  87  66  62  69  69
108  218  245  289  348  362  394  433  465  444  488  630
769  969  1172  1193  902  431  117  55  46  34  34  34
30  30  34  25  13
