IESNA:LM-63-2002
[TEST] LTL15809
[TESTDATE] 2/23/2007
[ISSUEDATE] 1/24/2014
[TESTLAB] ACUITY BRANDS LIGHTING CONYERS LAB
[TESTMETHOD] IES LM-46:2004
[MANUFAC] Lithonia Lighting
[LUMCAT] TH 400S A14 (LEG 2, SC=2.0)
[LUMINAIRE] AISLEWAY OPEN HIGHBAY INDUSTRIAL WITH ALUMINUM REFLECTOR
[LAMPCAT] LU400
[LAMP] ONE 400-WATT CLEAR ET18 HIGH PRESSURE SODIUM, VERTICAL BASE UP POSITION
[BALLAST] RACK
[BALLASTCAT] 
[DISTRIBUTION] DIRECT, SC-0=1.94, SC-90=1.97
[_LAMPPOSITION] 0 , 0
[_LAMPTYPE] HIGH PRESSURE SODIUM
[_LAMPWATTAGE] 400
[_LAMPLUMENS] 50000
[_MOUNTING] Suspended
[_FAMILY] TH A14
[_PRODUCTID] 59c85c94-f1b1-4a9e-b7a0-c9c73f86b47b
[_BALLAST_TYPE] MAGNETIC
[_FIXTURE_TYPE] PENDANT
[_TERCAT] Highbay, Nonlinear                                
[_TER] 46
TILT=NONE
1  50000  1  73  5  1  1  1.31  1.17  0
1  1  453
0  2.5  5  7.5  10  12.5  15  17.5  20  22.5  25  27.5  30
32.5  35  37.5  40  42.5  45  47.5  50  52.5  55  57.5  60
62.5  65  67.5  70  72.5  75  77.5  80  82.5  85  87.5  90
92.5  95  97.5  100  102.5  105  107.5  110  112.5  115
117.5  120  122.5  125  127.5  130  132.5  135  137.5  140
142.5  145  147.5  150  152.5  155  157.5  160  162.5  165  167.5  170  172.5  175  177.5  180
0  22.5  45  67.5  90
4349  4183  4142  4238  4446  4694  5062  5040  5197  5368
5521  5611  5674  5724  5769  5816  5847  5852  5877  5882
5882  5701  5195  4584  3939  3298  2626  1977  1348  764
406  281  200  133  75  33  15  5  8  8  10  10  8  8  15
10  15  13  15  20  33  40  40  38  25  20  25  98  38  5
8  8  5  13  8  3  3  3  8  3  3  13  24
4349  4287  4342  4646  5449  6907  8706  10426  12172  14233
16528  18522  20433  21837  23113  24158  24756  25015  25109
25142  24977  24097  22341  19884  16946  13910  10937  8220
5826  3726  2135  1071  533  279  124  55  26  16  19  18
20  19  23  15  19  21  24  20  18  25  23  20  20  21  20
19  15  14  15  14  10  10  9  10  13  4  10  4  14  7  8
6  24
4349  4423  4729  5436  6904  9044  11400  13361  14630
15149  15225  15072  14859  14625  14337  13941  13416  12786
12056  11365  10157  8974  7528  6081  4759  3609  2655
1877  1233  645  301  198  145  109  80  56  41  30  34
29  35  36  35  33  34  33  39  33  38  36  36  39  31  35
33  33  30  33  36  34  31  28  29  28  30  31  31  23  30
24  24  30  24
4349  4556  5135  6229  7869  9783  11273  12080  12721
13318  13720  13916  13987  13817  13212  13000  12316  11417
10375  9292  8270  7346  6440  5313  4313  3497  2767  2098
1452  837  327  145  100  73  58  45  29  20  26  20  28
26  25  21  25  24  31  28  28  25  31  54  160  306  340
350  356  348  341  323  301  253  45  26  25  23  24  19
20  16  15  16  24
4349  4639  5350  6603  8257  9761  10465  10513  10410
10139  9741  9190  8668  8097  7653  7197  6744  6305  5912
5616  5408  5265  5170  4804  4208  3576  2902  2235  1591
960  406  163  125  105  93  83  60  50  53  40  48  48
48  40  45  45  63  125  163  185  205  216  213  221  253
328  386  454  421  318  268  168  70  48  48  40  45  43
50  43  45  43  24
