IESNA:LM-63-2002
[TEST] LTL15811
[TESTDATE] 2/23/2007
[ISSUEDATE] 1/24/2014
[TESTLAB] ACUITY BRANDS LIGHTING CONYERS LAB
[TESTMETHOD] IES LM-46:2004
[MANUFAC] Lithonia Lighting
[LUMCAT] TH 400S A14 (LEG 4, SC=0.9)
[LUMINAIRE] AISLEWAY OPEN HIGHBAY INDUSTRIAL WITH ALUMINUM REFLECTOR
[LAMPCAT] LU400
[LAMP] ONE 400-WATT CLEAR ET18  HIGH PRESSURE SODIUM, VERTICAL BASE UP POSITION
[BALLAST] RACK
[BALLASTCAT] 
[DISTRIBUTION] DIRECT, SC-0=0.67, SC-90=0.94
[_LAMPPOSITION] 0 , 0
[_LAMPTYPE] HIGH PRESSURE SODIUM
[_LAMPWATTAGE] 400
[_LAMPLUMENS] 50000
[_MOUNTING] Suspended
[_FAMILY] TH A14
[_PRODUCTID] 6562164f-4590-4899-a7d2-aeb049729444
[_BALLAST_TYPE] MAGNETIC
[_FIXTURE_TYPE] PENDANT
[_TERCAT] Highbay, Nonlinear                                
[_TER] 52
TILT=NONE
1  50000  1  73  5  1  1  1.31  1.17  0
1  1  453
0  2.5  5  7.5  10  12.5  15  17.5  20  22.5  25  27.5  30
32.5  35  37.5  40  42.5  45  47.5  50  52.5  55  57.5  60
62.5  65  67.5  70  72.5  75  77.5  80  82.5  85  87.5  90
92.5  95  97.5  100  102.5  105  107.5  110  112.5  115
117.5  120  122.5  125  127.5  130  132.5  135  137.5  140
142.5  145  147.5  150  152.5  155  157.5  160  162.5  165  167.5  170  172.5  175  177.5  180
0  22.5  45  67.5  90
14705  14993  15562  15617  13999  11691  9944  8849  8172
7666  7242  6839  6536  6323  6155  6037  5947  5884  5834
5796  5511  4922  4072  3576  2899  2218  1561  940  474
348  261  190  135  98  58  28  13  10  13  18  8  15  10
18  20  28  23  40  48  53  60  53  60  70  140  293  459
616  499  253  20  8  10  10  5  10  3  8  8  5  5  8  18
14705  14853  15711  16724  17352  17963  18705  19721  21429
22243  23346  24387  25416  26308  26769  26823  26651  26405
26034  25291  23577  20950  17830  14582  11285  8305  5925
3883  2287  1238  649  366  222  140  75  29  18  16  19
23  15  19  20  28  26  30  26  29  26  30  34  29  38  36
36  26  20  29  14  10  4  8  11  8  5  11  5  9  5  6  9
10  18
14705  15111  16308  17506  18487  19478  20145  20552  20236
19226  17943  16780  15843  15000  14172  13353  12457  11440
10240  8974  7682  6260  4956  3795  2847  2061  1412  814
363  252  184  140  110  89  63  46  39  36  35  41  34
40  39  40  41  49  43  43  40  44  43  35  34  31  34  35
33  36  25  29  21  24  26  26  24  39  25  31  29  21  24
26  18
14705  15480  16800  17682  18070  18046  17279  16246  15748
15645  15497  15133  14595  13901  13041  12030  10827  9510
8242  7168  6285  5477  4548  3750  3047  2381  1734  1113
519  198  133  104  81  71  53  36  29  28  30  29  26  35
34  34  41  40  36  46  76  209  356  419  446  451  454
445  435  424  402  371  302  123  29  20  21  30  16  23
23  11  14  20  18
14705  15550  16815  17276  16705  15555  13886  12482  11548
10796  10024  9232  8463  7706  6957  6333  5741  5303  5017
4874  4799  4789  4436  3847  3215  2564  1925  1283  664
231  158  130  113  105  93  73  75  65  58  58  45  55
45  73  140  183  195  228  231  236  233  261  333  391
466  496  489  426  371  351  321  291  138  43  40  43
40  48  50  45  45  45  18
