IESNA:LM-63-2002
[TEST] LTL15799P
[TESTDATE] 2/21/2007
[ISSUEDATE] 1/24/2014
[TESTLAB] SCALED PHOTOMETRY
[TESTMETHOD] 
[MANUFAC] Lithonia Lighting
[LUMCAT] TH 400MP A14 SCWA (LEG 11, SC=1.1)
[LUMINAIRE] AISLEWAY OPEN HIGHBAY INDUSTRIAL WITH ALUMINUM REFLECTOR
[LAMPCAT] MP400W/V/UVS/PS
[LAMP] ONE 400-WATT CLEAR BT-37 PULSE-START METAL HALIDE, VERTICAL BASE-UP POSITION (VENTURE)
[BALLAST] RACK
[BALLASTCAT] 
[DISTRIBUTION] DIRECT, SC-0=0.78, SC-90=1.08
[_LAMPPOSITION] 0 , 0
[_LAMPTYPE] METAL HALIDE PULSE START (250W AND ABOVE)
[_LAMPWATTAGE] 400
[_LAMPLUMENS] 41000
[_MOUNTING] Suspended
[_FAMILY] TH A14
[_PRODUCTID] c95718e4-82a1-41e8-87e2-e2e21386d571
[_BALLAST_TYPE] MAGNETIC
[_FIXTURE_TYPE] DOWNLIGHTS
[_PRORATEDDATA] LAMP LUMENS PRORATED FROM 40000 TO 41000 LUMENS/LAMP
[_TERCAT] Highbay, Nonlinear                                
[_TER] 42
TILT=NONE
1  41000  1.025  73  5  1  1  1.31  1.17  0
1  1  458
0  2.5  5  7.5  10  12.5  15  17.5  20  22.5  25  27.5  30
32.5  35  37.5  40  42.5  45  47.5  50  52.5  55  57.5  60
62.5  65  67.5  70  72.5  75  77.5  80  82.5  85  87.5  90
92.5  95  97.5  100  102.5  105  107.5  110  112.5  115
117.5  120  122.5  125  127.5  130  132.5  135  137.5  140
142.5  145  147.5  150  152.5  155  157.5  160  162.5  165  167.5  170  172.5  175  177.5  180
0  22.5  45  67.5  90
11477  11422  11024  10440  9780  9066  8331  7699  7264
6925  6684  6414  6119  5837  5610  5303  4958  4619  4346
4101  3893  3346  2558  1624  966  721  563  447  360  289
204  144  105  82  50  34  25  18  21  25  27  25  30  30
25  32  34  37  44  57  85  117  131  156  199  298  618
788  1072  1504  1937  1885  1074  73  7  5  11  11  7  7
7  11  15
11477  11381  11192  11051  11552  12753  14116  15898  17919
20071  22224  24145  25773  27093  27904  27070  24667  21085
17414  14180  11652  9310  6965  4520  2680  1591  1009
677  490  380  290  215  166  118  79  46  34  26  31  39
34  39  37  44  40  46  42  46  47  48  50  55  62  70  77
94  134  181  240  238  212  197  103  31  8  10  10  10
13  9  7  7  15
11477  11584  11905  12534  13906  15636  17437  19095  20047
20232  19753  18712  17249  15289  12849  10315  8087  6317
5025  4122  3611  3138  2383  1531  826  554  428  338  269
222  176  132  106  85  63  55  44  41  40  46  47  49  55
53  49  56  52  56  54  58  56  57  60  49  50  57  62  53
35  32  37  29  25  26  23  25  30  29  24  14  15  14  15
11477  11754  12741  14291  15802  16550  17155  17446  17778
18025  17737  16544  14325  11483  8853  6878  5400  4363
3753  3449  3289  3162  2850  2128  1235  555  384  298
230  182  150  113  89  72  54  53  45  39  42  48  48  48
45  44  54  72  74  71  80  97  124  204  350  495  629
757  860  961  728  335  224  120  52  31  23  19  17  23
21  17  14  11  15
11477  11811  13144  14985  16155  15938  15265  14724  14101
12865  11051  8997  7055  5516  4555  4005  3671  3467  3330
3167  3133  3066  3009  2420  1582  682  376  277  220  176
156  137  124  112  98  96  80  66  69  71  60  55  55  57
55  78  185  245  279  353  376  398  433  469  405  449
614  749  980  1198  1184  728  234  80  44  34  34  32
34  30  30  32  15
