IESNA:LM-63-2002
[TEST] LTL15812
[TESTDATE] 2/23/2007
[ISSUEDATE] 1/24/2014
[TESTLAB] ACUITY BRANDS LIGHTING CONYERS LAB
[TESTMETHOD] IES LM-46:2004
[MANUFAC] Lithonia Lighting
[LUMCAT] TH 400S A14 (LEG 5, SC=0.5)
[LUMINAIRE] AISLEWAY OPEN HIGHBAY INDUSTRIAL WITH ALUMINUM REFLECTOR
[LAMPCAT] LU400
[LAMP] ONE 400-WATT CLEAR ET18 HIGH PRESSURE SODIUM, VERTICAL BASE UP POSITION
[BALLAST] RACK
[BALLASTCAT] 
[DISTRIBUTION] DIRECT, SC-0=0.43, SC-90=0.47
[_LAMPPOSITION] 0 , 0
[_LAMPTYPE] HIGH PRESSURE SODIUM
[_LAMPWATTAGE] 400
[_LAMPLUMENS] 50000
[_MOUNTING] Suspended
[_FAMILY] TH A14
[_PRODUCTID] fcfee4ff-8faa-44cd-93a3-219d45e9cc2a
[_BALLAST_TYPE] MAGNETIC
[_FIXTURE_TYPE] PENDANT
[_TERCAT] Highbay, Nonlinear                                
[_TER] 54
TILT=NONE
1  50000  1  73  5  1  1  1.31  1.17  0
1  1  454
0  2.5  5  7.5  10  12.5  15  17.5  20  22.5  25  27.5  30
32.5  35  37.5  40  42.5  45  47.5  50  52.5  55  57.5  60
62.5  65  67.5  70  72.5  75  77.5  80  82.5  85  87.5  90
92.5  95  97.5  100  102.5  105  107.5  110  112.5  115
117.5  120  122.5  125  127.5  130  132.5  135  137.5  140
142.5  145  147.5  150  152.5  155  157.5  160  162.5  165  167.5  170  172.5  175  177.5  180
0  22.5  45  67.5  90
31605  30869  29005  25278  20432  16018  12828  10726  9347
8363  7616  7022  6591  6293  6067  5912  5801  5719  5654
5506  5055  4428  3754  3077  2401  1737  1108  589  391
293  228  160  123  85  53  30  10  13  15  15  15  10  23
30  28  20  38  45  55  55  63  68  100  216  373  541  684
829  707  451  180  15  10  8  13  13  10  5  3  15  13
10  28
31605  30696  28404  25233  22946  22193  22314  22871  23584
24285  24921  25868  26659  27130  27189  26946  26564  26061
25327  23879  21341  18169  14836  11556  8596  6174  4140
2481  1373  736  430  263  182  118  69  33  20  19  25
20  20  20  29  29  31  25  28  31  35  33  44  49  45  46
48  44  28  41  38  19  10  16  10  10  11  14  6  10  10
18  10  13  28
31605  30347  27382  24696  23451  23188  23231  23009  22138
20647  19002  17477  16205  15079  14056  13034  11939  10663
9258  7945  6606  5261  4085  3094  2293  1608  1000  487
287  218  170  129  109  83  61  50  41  39  41  44  43
38  46  48  48  38  46  46  49  46  51  53  49  36  39  41
24  30  28  30  25  30  29  28  29  33  33  30  26  29  26
30  28
31605  29639  26318  23697  22108  20572  18224  17087  16262
15866  15498  14918  14194  13319  12228  10964  9578  8211
7048  6143  5454  4687  3924  3240  2587  1940  1322  717
256  157  125  93  83  60  48  39  35  28  33  31  31  29
45  45  44  44  55  142  301  385  413  425  429  427  432
426  402  398  370  333  204  48  28  24  23  25  24  20
19  29  21  23  28
31605  29819  26328  23466  21078  18131  15139  13159  11994
11059  10122  9257  8380  7490  6618  5877  5300  4942  4744
4661  4651  4578  4065  3458  2817  2175  1534  897  336
188  153  123  113  100  90  83  73  63  65  58  55  50
105  160  188  200  236  236  243  266  316  371  426  476
501  501  444  373  336  328  316  296  148  43  40  50
48  40  43  50  43  48  28
