IESNA:LM-63-2002
[TEST] LTL15797P
[TESTDATE] 2/21/2007
[ISSUEDATE] 1/24/2014
[TESTLAB] SCALED PHOTOMETRY
[TESTMETHOD] 
[MANUFAC] Lithonia Lighting
[LUMCAT] TH 400MP A14 SCWA (LEG 9, SC=1.4)
[LUMINAIRE] AISLEWAY OPEN HIGHBAY INDUSTRIAL WITH ALUMINUM REFLECTOR
[LAMPCAT] MP400W/V/UVS/PS
[LAMP] ONE 400-WATT CLEAR BT-37 PULSE-START METAL HALIDE, VERTICAL BASE-UP POSITION (VENTURE)
[BALLAST] RACK
[BALLASTCAT] 
[DISTRIBUTION] DIRECT, SC-0=1.05, SC-90=1.38
[_LAMPPOSITION] 0 , 0
[_LAMPTYPE] METAL HALIDE PULSE START (250W AND ABOVE)
[_LAMPWATTAGE] 400
[_LAMPLUMENS] 41000
[_MOUNTING] Suspended
[_FAMILY] TH A14
[_PRODUCTID] b116c088-86fd-4535-91ef-10f00a17dd29
[_BALLAST_TYPE] MAGNETIC
[_FIXTURE_TYPE] DOWNLIGHTS
[_PRORATEDDATA] LAMP LUMENS PRORATED FROM 40000 TO 41000 LUMENS/LAMP
[_TERCAT] Highbay, Nonlinear                                
[_TER] 38
TILT=NONE
1  41000  1.025  73  5  1  1  1.31  1.17  0
1  1  458
0  2.5  5  7.5  10  12.5  15  17.5  20  22.5  25  27.5  30
32.5  35  37.5  40  42.5  45  47.5  50  52.5  55  57.5  60
62.5  65  67.5  70  72.5  75  77.5  80  82.5  85  87.5  90
92.5  95  97.5  100  102.5  105  107.5  110  112.5  115
117.5  120  122.5  125  127.5  130  132.5  135  137.5  140
142.5  145  147.5  150  152.5  155  157.5  160  162.5  165  167.5  170  172.5  175  177.5  180
0  22.5  45  67.5  90
7457  7483  7266  6959  6547  6151  5736  5532  5427  5377
5404  5379  5358  5299  5255  5178  5091  4935  4742  4523
4319  4117  3698  2961  2068  1198  824  632  499  362  270
197  151  103  69  39  18  21  18  14  18  25  23  32  25
18  32  25  34  34  37  34  46  92  121  158  211  295  559
877  934  976  616  16  9  0  11  2  2  9  5  7  10
7457  7442  7264  6936  6680  6703  7035  7631  8848  10552
12605  15007  17555  19769  21578  23181  24329  24518  23567
21554  18726  15498  12171  9281  6534  4117  2479  1495
931  605  433  302  211  151  97  52  27  29  29  26  26
31  29  34  33  30  40  37  42  39  42  35  33  46  47  57
55  69  119  114  103  77  45  18  9  3  9  5  7  8  7  7
10
7457  7471  7285  7012  7021  7503  8343  9663  11495  13326
14583  15150  15286  15178  14613  13519  11949  10037  8159
6490  5210  4307  3643  2841  1970  1101  646  477  369
283  229  179  140  108  78  58  45  41  42  41  35  42
42  46  41  41  48  49  48  50  50  52  50  50  42  44  38
37  35  37  33  23  23  24  26  26  33  30  18  19  19  16
10
7457  7457  7329  7210  7392  8125  9304  10849  12471  13824
14871  15494  15567  14803  13196  11116  9045  7218  5715
4597  3990  3659  3464  3170  2486  1589  726  428  323
243  182  149  119  87  66  55  41  41  35  35  32  37  39
40  37  34  40  39  56  76  74  68  85  153  252  390  605
783  947  837  376  182  61  33  32  22  25  18  21  14
17  14  10
7457  7380  7289  7254  7587  8503  9631  10630  11321  11205
10717  10101  9210  7891  6428  5349  4658  4195  3888  3648
3476  3355  3268  3188  2668  1859  927  424  293  238  199
179  156  128  103  82  71  53  66  46  46  53  44  57  48
44  57  55  89  213  261  305  369  421  467  458  385  469
648  790  943  1081  538  121  41  34  34  30  37  32  37
32  10
