IESNA:LM-63-2002
[TEST] LTL20453
[TESTDATE] 8/4/2011
[ISSUEDATE] 1/24/2014
[TESTLAB] ACUITY BRANDS LIGHTING CONYERS LAB
[TESTMETHOD] IES LM-46:2004
[MANUFAC] Lithonia Lighting
[LUMCAT] RHMC 315MP A17 (LEG 0, SC=0.5)
[LUMINAIRE] ELECTRONIC BALLAST HIGHBAY WITH ALUMINUM REFLECTOR
[LAMPCAT] CDM ELITE MW 315/T12/942/U/O
[LAMP] ONE 315-WATT CERAMIC METAL HALIDE (PHILIPS)
[BALLAST] ADVANCE IZTMH210315RLF
[BALLASTCAT] 
[DISTRIBUTION] DIRECT, SC-0=0.6, SC-90=0.5
[_LAMPPOSITION] 0 , 0
[_LAMPTYPE] METAL HALIDE PULSE START (250W AND ABOVE)
[_LAMPWATTAGE] 315
[_LAMPLUMENS] 34700
[_MOUNTING] Suspended
[_FAMILY] RHMC A17
[_PRODUCTID] e9de36ee-597b-46eb-a748-719f0beb3ca1
[_BALLAST_TYPE] NA
[_FIXTURE_TYPE] NA
TILT=NONE
1  34700  1  73  9  1  1  -1.46  0  0
1  1  340
0  2.5  5  7.5  10  12.5  15  17.5  20  22.5  25  27.5  30
32.5  35  37.5  40  42.5  45  47.5  50  52.5  55  57.5  60
62.5  65  67.5  70  72.5  75  77.5  80  82.5  85  87.5  90
92.5  95  97.5  100  102.5  105  107.5  110  112.5  115
117.5  120  122.5  125  127.5  130  132.5  135  137.5  140
142.5  145  147.5  150  152.5  155  157.5  160  162.5  165  167.5  170  172.5  175  177.5  180
0  22.5  45  67.5  90  112.5  135  157.5  180
7517  7812  7204  6628  5995  5359  4641  4120  3845  3920
4227  4497  4723  5039  5544  6242  7168  8265  9225  9683
10262  10512  10484  9757  7102  5547  4062  2718  1853
1271  671  378  221  87  36  15  7  5  5  7  8  7  7  10
16  11  15  10  10  7  8  5  10  7  8  7  5  3  3  5  5
2  5  2  3  2  2  3  3  3  3  2  6
7517  7615  7061  6341  5617  4953  4400  4022  3911  4061
4421  4617  4841  5175  5722  6507  7428  8429  9279  9818
10235  10355  10196  8859  6814  5199  3840  2638  1833
1156  659  378  207  87  37  20  12  11  11  13  15  15
19  24  30  33  28  17  14  12  12  8  11  7  8  7  8  6
6  6  6  4  5  4  7  7  5  5  6  7  7  5  6
7517  7518  7006  6263  5490  4694  4193  3835  3812  4060
4397  4642  4906  5272  5824  6610  7567  8398  9091  9716
10073  10271  9769  8358  6584  4923  3662  2578  1799  1146
704  397  220  100  45  23  17  15  17  19  21  20  27  31
46  52  48  33  19  16  18  13  13  11  10  9  8  9  8  10
7  6  6  6  6  7  5  6  9  7  6  6  6
7517  7349  6867  6217  5417  4629  4089  3736  3744  3986
4297  4591  4913  5333  5908  6721  7678  8551  9164  9566
9693  9904  9147  7819  6173  4522  3434  2380  1671  1070
672  367  205  99  47  28  21  20  20  22  22  22  30  40
55  60  53  40  24  20  19  17  17  13  14  15  25  25  109
52  10  7  6  7  7  6  5  5  8  6  8  8  6
7517  7112  6564  5908  5164  4443  3892  3597  3635  3936
4247  4483  4792  5205  5770  6539  7419  8195  8910  9440
9884  10265  9484  8484  6663  4990  3667  2417  1545  915
506  266  146  75  41  25  20  17  20  22  25  25  35  42
52  59  52  38  24  19  19  19  18  16  16  12  13  12  10
12  10  8  6  9  8  9  8  7  10  9  6  7  6
7517  6928  6273  5597  4881  4146  3633  3449  3587  3920
4150  4372  4690  5120  5632  6313  7102  7826  8416  9060
9616  10036  9303  8205  6258  4689  3317  2129  1275  705
373  212  122  64  35  22  18  17  20  22  21  23  32  37
46  56  50  40  23  20  22  18  17  14  16  24  28  26  47
56  10  8  6  7  7  10  7  7  8  9  7  7  6
7517  6820  6151  5535  4819  4072  3564  3421  3611  3907
4059  4276  4597  4980  5531  6268  7120  7926  8550  9202
9865  10405  9744  8225  6248  4648  3178  1974  1144  621
315  185  108  53  29  21  17  17  17  18  20  20  25  32
39  43  41  33  22  19  19  17  15  13  12  11  11  11  9
10  8  7  4  7  8  5  6  7  9  6  7  4  6
7517  6799  6138  5613  4900  4081  3528  3384  3603  3858
3982  4200  4541  4938  5621  6576  7542  8215  8706  9334
10003  10582  9868  7728  5867  4299  2856  1754  1013  564
309  187  98  48  24  16  12  14  14  15  16  17  23  27
25  25  21  18  15  15  15  16  14  10  11  10  9  11  6
9  8  7  6  7  7  7  6  5  8  7  7  4  6
7517  6669  6064  5529  4712  3874  3416  3375  3686  3912
4021  4303  4702  5156  5989  7176  8190  8517  8617  9204
9776  10517  9405  7065  5603  3860  2420  1393  798  402
249  152  72  33  13  8  5  5  5  5  7  5  11  15  10  11
10  11  11  8  10  11  10  5  7  7  5  5  2  7  3  2  0
2  2  5  2  0  3  2  3  0  6
