IESNA:LM-63-2002
[TEST] LTL20456
[TESTDATE] 8/4/2011
[ISSUEDATE] 1/24/2014
[TESTLAB] ACUITY BRANDS LIGHTING CONYERS LAB
[TESTMETHOD] IES LM-46:2004
[MANUFAC] Lithonia Lighting
[LUMCAT] RHMC 315MP A17 (LEG 6, SC=0.4)
[LUMINAIRE] ELECTRONIC BALLAST HIGHBAY WITH ALUMINUM REFLECTOR
[LAMPCAT] CDM ELITE MW 315/T12/942/U/O
[LAMP] ONE 315-WATT CERAMIC METAL HALIDE (PHILIPS)
[BALLAST] ADVANCE IZTMH210315RLF
[BALLASTCAT] 
[DISTRIBUTION] DIRECT, SC-0=0.54, SC-90=0.43
[_LAMPPOSITION] 0 , 0
[_LAMPTYPE] METAL HALIDE PULSE START (250W AND ABOVE)
[_LAMPWATTAGE] 315
[_LAMPLUMENS] 34700
[_MOUNTING] Suspended
[_FAMILY] RHMC A17
[_PRODUCTID] e5ab2951-7148-4df9-bf0d-43fbf3291410
[_BALLAST_TYPE] NA
[_FIXTURE_TYPE] NA
TILT=NONE
1  34700  1  73  9  1  1  -1.46  0  0
1  1  340
0  2.5  5  7.5  10  12.5  15  17.5  20  22.5  25  27.5  30
32.5  35  37.5  40  42.5  45  47.5  50  52.5  55  57.5  60
62.5  65  67.5  70  72.5  75  77.5  80  82.5  85  87.5  90
92.5  95  97.5  100  102.5  105  107.5  110  112.5  115
117.5  120  122.5  125  127.5  130  132.5  135  137.5  140
142.5  145  147.5  150  152.5  155  157.5  160  162.5  165  167.5  170  172.5  175  177.5  180
0  22.5  45  67.5  90  112.5  135  157.5  180
11024  10962  10422  10092  9116  7569  6151  5492  5400
5896  6834  7829  8828  9721  10522  11390  11978  12475
12236  11533  10172  7268  5297  4165  3022  1706  953  600
409  280  170  111  62  29  15  10  7  8  3  8  8  7  10
10  11  15  13  13  13  8  10  11  10  10  15  11  15  11
7  8  7  7  5  5  7  5  0  3  5  2  2  0  4
11024  10814  10323  9737  8586  7025  5871  5434  5543
6114  7098  8088  9130  9991  10733  11299  11815  12134
11913  11181  9590  6873  5276  4111  2859  1617  918  599
408  270  165  109  60  31  17  13  11  11  10  17  15  17
25  29  26  19  17  16  13  12  11  11  11  10  11  12  11
9  5  6  4  4  3  2  3  4  0  2  4  2  2  1  4
11024  10687  10023  9200  7965  6458  5529  5211  5522
6361  7448  8540  9545  10318  10914  11357  11861  12039
11670  10769  9107  6437  4934  3808  2613  1572  941  625
431  286  177  118  69  36  22  17  17  16  14  16  16  16
28  31  29  24  22  18  19  14  14  14  13  13  12  13  17
10  7  7  5  6  5  4  5  3  2  2  4  2  2  1  4
11024  10631  9812  8691  7315  6005  5301  5108  5476  6374
7327  8358  9204  9884  10486  10933  11344  11519  11195
10359  8691  6073  4750  3707  2551  1525  906  608  425
284  183  125  74  45  28  22  20  20  19  20  19  20  37
36  31  27  24  21  23  20  19  21  29  29  65  103  187
120  65  14  11  10  7  5  4  4  2  4  5  4  3  1  4
11024  10516  9586  8313  6853  5691  5039  4855  5147  6075
7129  8083  9043  9827  10562  11285  11674  11766  11467
10771  9063  6441  5039  3792  2514  1346  752  491  347
231  155  107  65  42  26  21  19  19  17  17  17  18  35
39  29  29  25  21  25  20  18  19  17  16  18  17  29  17
11  11  9  9  8  5  5  5  1  3  3  4  2  3  4
11024  10500  9647  8429  6907  5678  4963  4759  5044  5849
6612  7587  8642  9426  10241  11017  11414  11727  11581
10845  8956  6470  5005  3643  2177  1052  582  391  282
195  135  97  61  40  27  22  21  20  19  21  20  21  34
36  28  27  26  21  22  21  18  20  21  24  24  38  128
189  92  12  10  9  7  6  5  4  3  3  5  4  3  1  4
11024  10502  9734  8496  6863  5576  4828  4577  4891  5595
6368  7316  8374  9223  10251  10994  11483  11955  11896
11260  9288  6883  5238  3622  1945  899  512  345  250
175  120  87  55  34  22  18  18  16  17  18  16  16  30
31  25  24  22  18  18  17  15  14  13  14  13  15  17  13
7  7  6  7  6  6  5  4  2  4  4  4  2  2  4
11024  10508  9777  8482  6795  5442  4677  4446  4707  5196
5890  6995  8182  9139  10253  11007  11364  11777  11626
10889  8764  6427  4897  3398  1924  867  508  343  250
171  118  81  50  29  18  15  12  13  15  20  20  21  30
27  18  17  19  14  14  13  12  12  13  15  12  14  12  11
7  7  5  5  4  6  6  3  1  2  4  3  2  1  4
11024  10466  9664  8165  6492  5196  4564  4453  4798  5353
6064  7196  8331  9194  10249  10741  11180  11556  11333
10599  8123  6223  4716  3223  1719  716  443  307  226
149  105  69  39  23  11  10  8  10  11  10  10  7  13  13
10  13  15  8  11  10  13  10  10  15  11  10  11  10  10
3  3  3  3  5  2  2  2  2  2  3  2  3  4
