IESNA:LM-63-2002
[TEST] LTL20457
[TESTDATE] 8/4/2011
[ISSUEDATE] 1/24/2014
[TESTLAB] ACUITY BRANDS LIGHTING CONYERS LAB
[TESTMETHOD] IES LM-46:2004
[MANUFAC] Lithonia Lighting
[LUMCAT] RHMC 315MP A17 (LEG 8, SC=0.5)
[LUMINAIRE] ELECTRONIC BALLAST HIGHBAY WITH ALUMINUM REFLECTOR
[LAMPCAT] CDM ELITE MW 315/T12/942/U/O
[LAMP] ONE 315-WATT CERAMIC METAL HALIDE (PHILIPS)
[BALLAST] ADVANCE IZTMH210315RLF
[BALLASTCAT] 
[DISTRIBUTION] DIRECT, SC-0=0.54, SC-90=0.46
[_LAMPPOSITION] 0 , 0
[_LAMPTYPE] METAL HALIDE PULSE START (250W AND ABOVE)
[_LAMPWATTAGE] 315
[_LAMPLUMENS] 34700
[_MOUNTING] Suspended
[_FAMILY] RHMC A17
[_PRODUCTID] c3366503-89e9-4c58-9091-9e64c6b79d70
[_BALLAST_TYPE] NA
[_FIXTURE_TYPE] NA
TILT=NONE
1  34700  1  73  9  1  1  -1.46  0  0
1  1  340
0  2.5  5  7.5  10  12.5  15  17.5  20  22.5  25  27.5  30
32.5  35  37.5  40  42.5  45  47.5  50  52.5  55  57.5  60
62.5  65  67.5  70  72.5  75  77.5  80  82.5  85  87.5  90
92.5  95  97.5  100  102.5  105  107.5  110  112.5  115
117.5  120  122.5  125  127.5  130  132.5  135  137.5  140
142.5  145  147.5  150  152.5  155  157.5  160  162.5  165  167.5  170  172.5  175  177.5  180
0  22.5  45  67.5  90  112.5  135  157.5  180
12082  12079  11709  11232  9884  8033  6748  6427  6798
7727  8980  10066  10848  11670  12522  12900  12413  11870
11122  10005  7250  5107  3784  2867  2041  1045  584  379
262  177  116  77  44  26  16  11  8  7  10  10  13  13
8  11  16  16  16  13  13  11  7  13  13  11  13  15  20
16  11  5  7  8  5  5  5  3  2  3  5  3  3  5  3
12082  11970  11552  10810  9337  7577  6583  6421  6973
8012  9242  10218  10903  11648  12275  12335  11889  11438
10748  9549  6704  4937  3752  2812  1897  958  564  377
260  172  114  75  46  26  17  15  15  15  18  22  28  29
31  39  33  24  18  16  14  11  10  11  11  12  11  13  14
14  9  4  6  8  3  4  3  3  1  2  3  3  4  4  3
12082  11816  11197  10260  8813  7243  6409  6313  7027
8334  9813  10884  11544  12107  12659  12521  11910  11295
10493  9219  6364  4658  3545  2649  1764  979  591  400
279  187  126  83  51  31  20  18  18  16  20  21  23  22
29  42  49  36  28  22  19  16  15  14  16  16  20  32  87
94  14  9  7  7  6  3  4  3  3  3  3  3  3  4  3
12082  11624  10810  9666  8262  6887  6240  6254  6997
8399  9607  10601  11173  11728  12205  11876  11377  10914
10177  8881  6071  4515  3471  2630  1746  944  575  389
279  191  130  89  57  36  27  24  21  20  23  24  25  25
37  55  53  40  30  23  19  20  22  24  31  112  142  233
194  205  51  14  10  11  8  6  5  3  3  3  3  4  4  5  3
12082  11532  10583  9359  7919  6667  5999  5958  6629
8076  9493  10439  11230  12077  12831  12536  11920  11374
10653  9435  6479  4802  3569  2608  1676  821  472  326
235  163  116  83  55  38  24  21  19  18  24  23  21  22
37  59  52  37  29  25  20  18  17  16  16  20  26  47  112
125  38  12  11  10  7  5  7  2  3  4  4  3  6  3  3
12082  11523  10639  9431  7949  6615  5888  5829  6511
7794  8944  9882  10746  11679  12522  12305  11783  11461
10797  9547  6463  4757  3391  2358  1372  635  384  271
201  145  108  79  55  37  26  23  23  22  24  26  25  26
42  56  51  36  30  23  19  20  23  23  27  40  90  205
238  186  37  15  12  13  8  6  5  5  3  5  4  2  4  5  3
12082  11590  10846  9589  7900  6456  5685  5565  6231
7446  8706  9621  10543  11576  12619  12629  12264  11988
11419  10071  6896  4931  3370  2173  1203  536  343  248
184  133  96  69  48  31  22  21  19  18  20  22  24  25
33  43  43  33  27  20  16  15  15  14  14  18  26  51  89
47  15  11  9  9  8  5  7  1  3  4  2  3  4  5  3
12082  11658  11046  9711  7910  6327  5494  5348  5910
6891  8015  9158  10327  11600  12630  12585  11995  11603
10996  9586  6524  4640  3218  2197  1315  539  342  246
181  131  94  65  44  27  18  17  14  15  18  25  28  26
29  29  27  24  22  16  11  13  12  11  11  13  15  15  16
13  13  10  8  7  6  5  6  3  2  5  3  1  6  3  3
12082  11588  10880  9369  7443  6022  5366  5429  6192
7183  8195  9206  10324  11502  12264  12151  11700  11417
10798  9101  6097  4430  3017  2121  1176  464  303  224
165  118  82  57  36  21  11  11  10  8  10  10  8  10  11
16  18  16  16  10  11  10  11  8  11  15  13  20  23  13
16  13  7  7  5  5  7  3  2  3  3  2  5  5  3
