IESNA:LM-63-2002
[TEST] LTL20442P
[TESTDATE] 8/8/2011
[ISSUEDATE] 1/16/2014
[TESTLAB] SCALED PHOTOMETRY
[TESTMETHOD] 
[MANUFAC] Lithonia Lighting
[LUMCAT] RHMC 315MP PA22L TVOLT HEB (LEG 2, SC=2.4)
[LUMINAIRE] OPEN ELECTRONIC BALLAST HIGHBAY INDUSTRIAL WITH PRISMATIC REFRACTOR WITH CLEAR TEMPERED GLASS LENS
[LAMPCAT] CDM ELITE MW 315/T12/942/U/E
[LAMP] ONE 315-WATT CERAMIC METAL HALIDE (PHILIPS)
[BALLAST] ADVANCE MW ELITE BALLAST
[BALLASTCAT] IZTMH210315RLF
[DISTRIBUTION] SEMI-DIRECT, SC-0=2.48, SC-90=2.44
[_LAMPPOSITION] 0 , 0
[_LAMPTYPE] METAL HALIDE
[_LAMPWATTAGE] 315
[_LAMPLUMENS] 35500
[_MOUNTING] Suspended
[_FAMILY] RHMC PA22
[_PRODUCTID] c10d8742-3a36-4e26-9d1f-ae791475ad3a
[_BALLAST_TYPE] NA
[_FIXTURE_TYPE] NA
[_PRORATEDDATA] LAMP LUMENS PRORATED FROM 34700 TO 35500 LUMENS/LAMP
TILT=NONE
1  35500  1.02305  73  9  1  1  -1.75  -1.75  1.19
1  1  339
0  2.5  5  7.5  10  12.5  15  17.5  20  22.5  25  27.5  30
32.5  35  37.5  40  42.5  45  47.5  50  52.5  55  57.5  60
62.5  65  67.5  70  72.5  75  77.5  80  82.5  85  87.5  90
92.5  95  97.5  100  102.5  105  107.5  110  112.5  115
117.5  120  122.5  125  127.5  130  132.5  135  137.5  140
142.5  145  147.5  150  152.5  155  157.5  160  162.5  165  167.5  170  172.5  175  177.5  180
0  22.5  45  67.5  90  112.5  135  157.5  180
5709  5554  5026  4661  4156  3714  3532  3632  3791  4085
4752  6020  7861  9078  9438  9304  8470  8249  10874  18156
15659  5647  2708  1027  1009  919  824  787  759  720  718
746  764  756  770  836  922  926  806  760  819  891  960
1025  1084  1084  1037  981  955  929  883  836  823  659
460  378  330  286  253  222  190  175  168  168  167  172
173  173  173  172  180  195  200
5709  5361  4871  4426  3935  3581  3521  3644  3876  4204
4995  6425  8231  9258  9576  9255  8436  8734  12456  18694
12984  5096  2261  1008  1008  907  832  801  771  740  755
785  788  790  831  920  990  937  822  823  891  961  1028
1088  1124  1121  1067  1003  973  950  902  850  794  610
438  363  320  277  248  213  188  174  167  166  167  168
169  167  169  171  185  197  200
5709  5326  4790  4345  3898  3528  3476  3585  3879  4278
5067  6586  8457  9546  9854  9477  8580  8753  12363  18704
13026  5275  2267  1027  1011  908  830  816  808  794  807
833  827  822  857  943  1012  959  843  832  913  989  1043
1086  1116  1089  1032  991  973  954  911  853  788  610
466  419  511  726  512  231  195  179  167  164  166  166
166  166  167  170  183  197  200
5709  5252  4766  4336  3898  3507  3457  3574  3885  4309
4989  6426  8152  9152  9500  9192  8314  8313  11821  18188
12900  5346  2138  1009  991  881  803  779  762  749  781
822  818  806  848  949  1035  996  872  854  928  1000
1066  1113  1133  1104  1052  1008  975  946  905  864  787
615  440  368  323  279  246  217  192  178  171  167  166
166  165  166  168  172  186  201  200
5709  5207  4692  4264  3851  3496  3417  3530  3824  4279
4941  6302  8104  9137  9498  9221  8322  8336  12278  17854
12956  5416  2311  1021  989  888  841  828  819  806  822
850  850  848  898  1003  1084  1025  889  866  951  1016
1076  1135  1162  1145  1088  1026  993  974  925  863  782
617  445  369  322  279  246  215  192  179  172  168  166
168  168  168  170  174  186  202  200
5709  5126  4587  4187  3793  3470  3386  3521  3850  4309
4937  6246  7942  8998  9382  9157  8331  8466  12861  17170
12852  5535  2260  1020  993  878  815  817  826  809  819
862  861  839  870  972  1062  1014  900  913  998  1033
1084  1152  1187  1174  1135  1083  1056  1029  961  884
796  617  436  365  322  304  308  220  193  178  173  169
169  169  169  170  171  175  186  201  200
5709  5075  4537  4145  3752  3466  3402  3545  3942  4367
5057  6304  7890  8770  9175  9059  8288  8338  12632  16995
12527  5815  2253  1020  1007  881  813  803  805  808  823
836  839  834  884  992  1083  1025  891  886  962  1002
1051  1110  1149  1134  1086  1032  1008  988  940  872
792  616  461  399  386  600  489  219  195  181  174  171
174  173  172  173  171  175  185  199  200
5709  5061  4539  4150  3769  3471  3388  3548  3943  4334
4966  6234  7728  8602  8997  8934  8261  8135  12017  17770
13475  5867  2209  1029  1022  888  816  805  794  786  808
840  837  833  862  962  1044  989  869  867  950  1005
1027  1068  1109  1100  1060  1019  1010  989  922  848
788  602  421  358  315  276  253  237  193  180  175  172
174  175  173  175  170  174  185  194  200
5709  4952  4471  4077  3675  3389  3362  3583  3964  4327
5052  6515  8000  8710  9094  8898  8061  7955  12313  18843
11119  4645  1470  973  994  839  790  793  792  785  810
844  849  855  922  1045  1083  965  845  886  986  1020
1024  1061  1096  1076  1038  1002  1006  968  898  823
764  535  388  340  299  258  229  200  183  173  172  172
173  173  170  168  167  173  188  195  200
