IESNA:LM-63-2002
[TEST] LTL20451
[TESTDATE] 8/7/2011
[ISSUEDATE] 1/16/2014
[TESTLAB] ACUITY BRANDS LIGHTING CONYERS LAB
[TESTMETHOD] IES LM-46:2004
[MANUFAC] Lithonia Lighting
[LUMCAT] RHMC 315MP PA22 TVOLT HEB (LEG 8, SC=2.0)
[LUMINAIRE] OPEN ELECTRONIC BALLAST HIGHBAY INDUSTRIAL WITH PRISMATIC REFRACTOR
[LAMPCAT] CDM ELITE MW 315/T12/942/U/O
[LAMP] ONE 315-WATT CERAMIC METAL HALIDE (PHILIPS)
[BALLAST] ADVANCE MW ELITE BALLAST
[BALLASTCAT] IZTMH210315RLF
[DISTRIBUTION] SEMI-DIRECT, SC-0=2.08, SC-90=1.95
[_LAMPPOSITION] 0 , 0
[_LAMPTYPE] METAL HALIDE
[_LAMPWATTAGE] 315
[_LAMPLUMENS] 34700
[_MOUNTING] Suspended
[_FAMILY] RHMC PA22
[_PRODUCTID] 950ecd1e-bd41-4054-b3ce-555416c2e1da
[_BALLAST_TYPE] NA
[_FIXTURE_TYPE] NA
TILT=NONE
1  34700  1  73  9  1  1  -1.83  -1.83  1.25
1  1  339
0  2.5  5  7.5  10  12.5  15  17.5  20  22.5  25  27.5  30
32.5  35  37.5  40  42.5  45  47.5  50  52.5  55  57.5  60
62.5  65  67.5  70  72.5  75  77.5  80  82.5  85  87.5  90
92.5  95  97.5  100  102.5  105  107.5  110  112.5  115
117.5  120  122.5  125  127.5  130  132.5  135  137.5  140
142.5  145  147.5  150  152.5  155  157.5  160  162.5  165  167.5  170  172.5  175  177.5  180
0  22.5  45  67.5  90  112.5  135  157.5  180
7482  7215  6298  5807  5469  5068  4896  5129  5964  7884
10612  13222  14074  12439  9948  10520  13811  16944  14315
7053  4631  3025  1521  1245  1110  1012  957  932  931
952  917  927  981  960  818  702  697  726  775  832  885
942  994  1002  939  837  728  587  486  407  306  258  244
211  193  219  280  322  214  165  165  168  172  180  185
195  198  203  211  209  229  262  267
7482  7006  6142  5715  5321  4977  4949  5270  6241  8087
10662  12996  13512  11849  10090  12041  15974  18089  11800
6193  4437  2494  1470  1249  1117  1021  971  941  954
956  932  936  958  904  763  683  695  744  819  896  956
1009  1050  1050  988  883  761  616  518  423  316  262
235  204  196  232  304  313  201  164  166  165  169  179
184  189  193  196  205  210  235  262  267
7482  7003  6145  5699  5286  4994  5021  5417  6509  8498
10980  12958  12967  11267  10449  13525  17762  17273  10709
5940  4306  2372  1432  1227  1092  1005  949  907  906
909  894  931  1002  964  812  731  756  819  898  968  1019
1065  1102  1091  1016  891  753  624  530  435  341  320
305  526  984  976  520  285  299  273  164  164  169  178
183  189  196  196  206  212  233  259  267
7482  6956  6181  5718  5322  5032  5075  5552  6800  8903
11156  12545  12284  10666  10391  13568  17292  15787  9666
5663  4099  2233  1418  1236  1112  1039  991  943  913
915  907  939  978  907  775  736  790  893  1004  1076
1124  1169  1192  1162  1069  929  770  631  528  424  323
277  243  215  238  278  267  244  253  229  162  163  169
174  182  190  193  197  205  212  232  255  267
7482  6818  6169  5725  5315  5081  5165  5742  7129  9451
11799  13050  12555  10850  10901  13797  16460  14194  8619
5275  3970  2101  1399  1229  1131  1071  1020  970  938
910  886  914  935  837  697  666  729  831  913  941  944
963  976  958  895  794  668  560  479  387  300  260  228
191  172  172  175  171  168  163  158  158  165  174  181
187  191  197  203  213  233  257  267
7482  6733  6043  5628  5255  5078  5267  5963  7443  9652
11741  12795  12253  10650  11126  14822  18834  15558  8722
5156  3902  2025  1401  1233  1144  1076  1024  984  953
928  890  915  938  845  741  738  798  864  907  932  955
991  1017  995  925  803  666  557  486  377  286  253  229
216  243  273  328  416  469  292  159  160  168  174  183
189  192  195  202  211  233  259  267
7482  6687  5988  5549  5184  5038  5306  6109  7856  10399
12926  14262  13225  11121  11537  15116  18393  14421  7838
5015  3745  1842  1396  1256  1159  1093  1057  1049  1028
974  940  969  979  875  771  777  852  946  1016  1050
1076  1090  1069  999  891  760  632  552  465  361  310
321  444  898  953  549  404  390  290  204  158  159  166
172  179  186  189  195  203  212  236  260  267
7482  6595  5967  5563  5195  5029  5306  6088  7645  9970
12328  13498  12534  10619  11286  15288  18661  13659  7164
4780  3569  1716  1380  1253  1151  1096  1040  1000  995
962  935  976  969  834  709  699  766  879  973  1009  1016
1025  1011  951  847  717  592  515  426  317  269  244
209  189  215  286  376  343  264  160  158  161  166  174
179  185  189  195  202  212  239  264  267
7482  6327  5850  5465  5133  5030  5428  6298  8038  10532
12741  13431  11981  10234  12161  17069  18843  11026  5802
4489  2859  1545  1312  1195  1102  1048  1006  991  978
953  945  993  953  787  688  706  783  873  929  942  932
927  906  845  759  635  514  471  384  278  253  242  201
183  219  289  365  285  204  154  155  159  164  168  177
185  186  193  203  221  257  278  267
