IESNA:LM-63-2002
[TEST] LTL20448
[TESTDATE] 8/7/2011
[ISSUEDATE] 1/16/2014
[TESTLAB] ACUITY BRANDS LIGHTING CONYERS LAB
[TESTMETHOD] IES LM-46:2004
[MANUFAC] Lithonia Lighting
[LUMCAT] RHMC 315MP PA22 TVOLT HEB (LEG 2, SC=2.4)
[LUMINAIRE] OPEN ELECTRONIC BALLAST HIGHBAY INDUSTRIAL WITH PRISMATIC REFRACTOR
[LAMPCAT] CDM ELITE MW 315/T12/942/U/O
[LAMP] ONE 315-WATT CERAMIC METAL HALIDE (PHILIPS)
[BALLAST] ADVANCE MW ELITE BALLAST
[BALLASTCAT] IZTMH210315RLF
[DISTRIBUTION] SEMI-DIRECT, SC-0=0.55, SC-90=2.47
[_LAMPPOSITION] 0 , 0
[_LAMPTYPE] METAL HALIDE
[_LAMPWATTAGE] 315
[_LAMPLUMENS] 34700
[_MOUNTING] Suspended
[_FAMILY] RHMC PA22
[_PRODUCTID] 1702cf36-0718-4832-a48c-83f13d59d3d9
[_BALLAST_TYPE] NA
[_FIXTURE_TYPE] NA
TILT=NONE
1  34700  1  73  9  1  1  -1.83  -1.83  1.25
1  1  339
0  2.5  5  7.5  10  12.5  15  17.5  20  22.5  25  27.5  30
32.5  35  37.5  40  42.5  45  47.5  50  52.5  55  57.5  60
62.5  65  67.5  70  72.5  75  77.5  80  82.5  85  87.5  90
92.5  95  97.5  100  102.5  105  107.5  110  112.5  115
117.5  120  122.5  125  127.5  130  132.5  135  137.5  140
142.5  145  147.5  150  152.5  155  157.5  160  162.5  165  167.5  170  172.5  175  177.5  180
0  22.5  45  67.5  90  112.5  135  157.5  180
5905  5572  4779  4342  3974  3555  3290  3284  3514  3915
4324  4558  4963  5734  7168  9163  10015  9013  7806  12262
21028  13204  5400  3120  1408  1173  1017  922  880  893
909  939  999  983  975  1078  1194  1145  988  924  976
1032  1073  1128  1179  1235  1259  1210  1058  872  710
527  427  339  235  211  188  144  131  126  126  126  129
134  134  141  147  155  157  157  178  203  206
5905  5454  4724  4325  3872  3486  3306  3350  3608  3985
4401  4633  5085  5894  7585  9619  10306  9109  9174  16551
21387  9747  4829  2594  1385  1171  1015  930  896  897
902  952  1005  988  994  1089  1162  1069  926  902  968
1057  1146  1222  1272  1294  1285  1204  1058  879  698
528  434  325  235  211  175  133  126  122  122  122  125
131  133  138  142  149  153  159  184  202  206
5905  5470  4713  4287  3848  3472  3326  3408  3678  4103
4475  4692  5203  6147  7860  9675  9880  8796  10600  19905
19452  8622  4701  2417  1352  1136  1016  930  894  886
894  927  958  955  968  1080  1197  1137  987  964  1038
1146  1260  1344  1375  1377  1348  1253  1083  886  697
540  449  346  291  300  313  792  873  292  132  130  125
132  136  141  145  148  153  161  183  200  206
5905  5449  4785  4329  3879  3490  3333  3413  3686  4154
4498  4680  5170  6153  7872  9463  9505  8519  11542  19860
16959  7559  4430  2218  1334  1146  1022  947  928  924
905  903  924  921  934  1055  1145  1046  927  956  1068
1213  1340  1414  1449  1463  1429  1314  1129  920  704
543  440  327  242  217  167  132  124  123  119  122  124
133  136  140  146  151  154  160  183  198  206
5905  5326  4783  4336  3873  3527  3376  3451  3731  4189
4503  4737  5312  6468  8287  9720  9594  8704  12382  18898
14844  6756  4228  2085  1318  1144  1043  995  961  937
920  913  908  894  918  1031  1085  967  849  886  1008
1149  1255  1280  1254  1224  1177  1083  939  770  604
482  405  299  230  204  164  128  119  118  116  120  124
132  139  141  144  150  155  164  182  199  206
5905  5248  4664  4251  3815  3506  3420  3525  3782  4243
4526  4789  5399  6623  8478  9857  9698  8961  13741  21801
16375  6586  4135  1974  1341  1141  1035  983  964  955
950  954  957  922  952  1084  1125  989  910  954  1045
1149  1213  1240  1254  1257  1214  1104  952  777  595
476  398  284  216  196  156  125  118  122  118  121  123
133  138  140  144  147  151  164  186  200  206
5905  5201  4618  4202  3782  3440  3382  3519  3857  4303
4581  4923  5719  7235  9461  10858  10361  9305  13740
21193  14453  6025  3946  1801  1325  1142  1063  1026  1017
1034  1063  1092  1070  1021  1043  1149  1149  1016  978
1054  1178  1298  1372  1399  1412  1388  1292  1122  934
732  559  469  373  283  304  300  667  824  332  130  124
122  122  131  135  141  145  148  153  164  187  203  206
5905  5136  4635  4204  3759  3406  3374  3536  3835  4293
4588  4922  5609  6963  8975  10305  9791  8832  13967  21832
13375  5661  3749  1696  1328  1161  1069  1023  1009  1001
983  997  1008  981  1021  1123  1117  964  888  930  1040
1189  1306  1338  1318  1282  1192  1036  861  671  519
436  333  239  214  181  136  123  116  119  117  120  123
131  134  140  144  147  155  164  187  207  206
5905  5016  4631  4157  3704  3377  3416  3598  3891  4322
4609  5009  5797  7430  9372  10172  9291  8980  17775  22343
9194  4785  3122  1478  1248  1099  1009  971  953  960
981  1002  999  975  1029  1115  1060  904  860  917  1040
1158  1215  1222  1186  1133  1038  904  746  576  456  412
293  216  216  168  123  119  113  116  114  118  123  131
134  139  139  146  155  172  200  214  206
