IESNA:LM-63-2002
[TEST] LTL20446P
[TESTDATE] 8/4/2011
[ISSUEDATE] 1/16/2014
[TESTLAB] SCALED PHOTOMETRY
[TESTMETHOD] 
[MANUFAC] Lithonia Lighting
[LUMCAT] RHMC 315MP PA22L TVOLT HEB (LEG 10, SC=1.7)
[LUMINAIRE] OPEN ELECTRONIC BALLAST HIGHBAY INDUSTRIAL WITH PRISMATIC REFRACTOR AND CLEAR TEMPERED GLASS LENS
[LAMPCAT] CDM ELITE MW 315/T12/942/U/E
[LAMP] ONE 315-WATT CERAMIC METAL HALIDE (PHILIPS)
[BALLAST] ADVANCE MW ELITE BALLAST
[BALLASTCAT] IZTMH210315RLF
[DISTRIBUTION] SEMI-DIRECT, SC-0=1.75, SC-90=1.73
[_LAMPPOSITION] 0 , 0
[_LAMPTYPE] METAL HALIDE
[_LAMPWATTAGE] 315
[_LAMPLUMENS] 35500
[_MOUNTING] Suspended
[_FAMILY] RHMC PA22
[_PRODUCTID] 29c5ca82-040f-4116-834b-04513f1f3ba7
[_BALLAST_TYPE] NA
[_FIXTURE_TYPE] NA
[_PRORATEDDATA] LAMP LUMENS PRORATED FROM 34700 TO 35500 LUMENS/LAMP
TILT=NONE
1  35500  1.02305  73  9  1  1  -1.75  -1.75  1.19
1  1  339
0  2.5  5  7.5  10  12.5  15  17.5  20  22.5  25  27.5  30
32.5  35  37.5  40  42.5  45  47.5  50  52.5  55  57.5  60
62.5  65  67.5  70  72.5  75  77.5  80  82.5  85  87.5  90
92.5  95  97.5  100  102.5  105  107.5  110  112.5  115
117.5  120  122.5  125  127.5  130  132.5  135  137.5  140
142.5  145  147.5  150  152.5  155  157.5  160  162.5  165  167.5  170  172.5  175  177.5  180
0  22.5  45  67.5  90  112.5  135  157.5  180
9618  9698  9359  9394  9551  10035  11482  13783  14771
13981  12491  11036  10251  11404  12728  14481  13706  8676
5089  3655  1480  1138  1088  989  914  865  829  806  760
744  769  816  790  648  590  603  623  664  711  746  756
759  757  718  630  541  528  517  404  293  263  262  283
314  321  368  479  481  412  391  363  339  325  317  306
303  304  304  303  288  289  306  323
9618  9533  9269  9264  9507  10268  12106  14243  14799
13734  12169  10744  10362  11696  13164  14724  12382  7812
4769  3250  1341  1154  1087  995  921  872  842  818  776
777  809  843  772  629  602  625  653  701  755  801  817
816  801  751  655  575  555  505  383  298  274  279  332
419  483  569  734  978  950  420  351  332  323  315  303
299  296  291  289  280  293  308  323
9618  9451  9169  9148  9448  10254  12217  14439  15131
14074  12508  11388  10878  11775  13173  14926  12475  7747
4871  3315  1341  1160  1080  988  926  899  879  848  795
794  828  865  789  638  614  638  666  710  750  778  790
806  806  760  674  593  572  521  397  312  314  400  687
830  696  737  941  1075  974  421  351  333  323  309  301
296  292  288  287  280  294  314  323
9618  9349  9101  9097  9363  10061  11915  14034  14679
13700  12201  11248  10754  11755  13041  14725  12460  7842
4930  3232  1319  1148  1062  969  914  878  859  846  807
805  853  898  825  661  625  653  680  723  755  777  792
803  795  741  660  597  577  521  399  302  278  283  317
389  488  635  819  1053  1176  748  354  336  325  319
304  299  291  285  285  280  299  319  323
9618  9244  8959  8932  9136  9756  11415  13491  14283
13567  12059  11012  10525  11601  13053  14485  12457  7849
4945  3358  1311  1149  1069  989  942  914  886  868  842
850  898  939  853  683  641  665  693  747  788  817  831
827  805  765  677  590  566  519  397  303  281  289  325
401  491  625  803  1032  1177  689  356  337  329  321
312  304  295  288  287  283  303  325  323
9618  9115  8768  8735  8909  9553  11198  13272  14141
13439  11967  10952  10552  11600  13590  14461  12146  7940
5158  3342  1300  1151  1053  974  923  889  874  868  833
831  881  926  842  689  661  682  703  750  802  836  857
875  875  819  723  628  588  521  393  300  283  291  329
408  489  611  792  1023  1255  857  358  341  331  324
308  307  297  289  289  286  305  322  323
9618  9016  8634  8580  8751  9460  11146  13254  14181
13471  12091  10881  10194  11121  13256  14548  12090  8037
5318  3395  1291  1148  1041  960  914  883  867  847  812
820  882  924  839  682  646  664  677  723  777  816  841
851  841  795  701  611  567  509  387  308  308  355  588
780  628  627  784  965  984  496  361  342  332  323  312
309  302  295  292  288  301  318  323
9618  8987  8571  8469  8616  9295  11015  13139  14206
13542  11877  10521  9828  10884  13046  14770  12546  8268
5424  3432  1289  1158  1049  968  921  881  857  850  815
820  873  908  830  676  643  665  671  710  761  798  823
834  835  798  691  575  543  499  371  285  271  282  316
367  410  533  653  716  813  447  363  342  333  327  316
311  304  298  295  285  296  307  323
9618  8844  8493  8388  8574  9405  11355  13513  14207
13129  11417  10210  9655  10887  12938  14946  11333  7237
4905  2721  1159  1127  1004  937  901  870  863  865  826
842  898  914  792  649  654  675  672  708  757  785  806
814  808  760  648  546  535  474  335  263  255  260  278
307  334  401  460  427  394  373  348  334  327  322  311
307  298  286  286  285  304  312  323
