IESNA:LM-63-2002
[TEST] LTL20447
[TESTDATE] 8/7/2011
[ISSUEDATE] 1/16/2014
[TESTLAB] ACUITY BRANDS LIGHTING CONYERS LAB
[TESTMETHOD] IES LM-46:2004
[MANUFAC] Lithonia Lighting
[LUMCAT] RHMC 315MP PA22 TVOLT HEB (LEG 0, SC=2.4)
[LUMINAIRE] OPEN ELECTRONIC BALLAST HIGHBAY INDUSTRIAL WITH PRISMATIC REFRACTOR
[LAMPCAT] CDM ELITE MW 315/T12/942/U/O
[LAMP] ONE 315-WATT CERAMIC METAL HALIDE (PHILIPS)
[BALLAST] ADVANCE ELITE MW BALLAST
[BALLASTCAT] IZTMH210315RLF
[DISTRIBUTION] SEMI-DIRECT, SC-0=0.52, SC-90=0.55
[_LAMPPOSITION] 0 , 0
[_LAMPTYPE] METAL HALIDE
[_LAMPWATTAGE] 315
[_LAMPLUMENS] 34700
[_MOUNTING] Suspended
[_FAMILY] RHMC PA22
[_PRODUCTID] 0d3c0277-e779-437c-9a2b-3c1d74c0eec5
[_BALLAST_TYPE] NA
[_FIXTURE_TYPE] NA
TILT=NONE
1  34700  1  73  9  1  1  -1.83  -1.83  1.25
1  1  339
0  2.5  5  7.5  10  12.5  15  17.5  20  22.5  25  27.5  30
32.5  35  37.5  40  42.5  45  47.5  50  52.5  55  57.5  60
62.5  65  67.5  70  72.5  75  77.5  80  82.5  85  87.5  90
92.5  95  97.5  100  102.5  105  107.5  110  112.5  115
117.5  120  122.5  125  127.5  130  132.5  135  137.5  140
142.5  145  147.5  150  152.5  155  157.5  160  162.5  165  167.5  170  172.5  175  177.5  180
0  22.5  45  67.5  90  112.5  135  157.5  180
5537  5237  4591  4131  3740  3261  3017  2958  3163  3601
3992  4142  4326  4592  5169  6479  8187  8996  8187  7402
13902  21582  9724  4398  1707  1236  1070  939  875  877
916  952  981  1050  1038  1053  1205  1343  1267  1097
1038  1083  1122  1161  1210  1263  1312  1316  1235  1052
859  688  500  409  307  218  196  167  124  113  114  118
119  121  129  136  142  150  149  152  167  191  197
5537  5021  4383  3985  3529  3152  3000  3013  3276  3707
4063  4197  4382  4679  5371  6877  8651  9269  8307  9095
18347  19492  7639  3756  1645  1247  1078  957  915  911
924  952  1020  1079  1072  1113  1264  1371  1257  1101
1082  1138  1227  1313  1379  1418  1420  1371  1255  1077
882  688  509  416  305  222  196  158  121  111  113  117
119  123  132  133  138  145  145  156  174  190  197
5537  5075  4390  3969  3503  3160  3042  3097  3354  3714
4076  4226  4453  4709  5576  7069  8645  8975  8211  10866
20563  17712  7259  3709  1704  1236  1070  965  913  909
923  935  982  1027  1017  1050  1194  1349  1304  1154
1112  1168  1269  1379  1449  1471  1460  1399  1277  1082
881  677  518  424  319  288  283  377  870  643  127  121
121  127  133  135  139  144  146  157  173  190  197
5537  5070  4440  3998  3511  3175  3040  3117  3367  3760
4080  4195  4414  4733  5446  6821  8323  8683  8110  11620
19400  16160  7033  3648  1767  1240  1088  981  931  924
926  919  927  958  958  986  1121  1247  1176  1053  1062
1166  1306  1436  1509  1532  1525  1462  1325  1131  905
678  518  417  303  227  202  155  121  116  117  119  121
127  133  134  136  142  144  156  171  188  197
5537  5039  4461  4029  3532  3209  3085  3136  3394  3832
4101  4213  4423  4738  5522  6954  8355  8743  8287  12047
18015  14893  6788  3689  1835  1242  1092  1004  969  949
935  927  934  935  926  956  1075  1177  1106  974  971
1078  1216  1334  1368  1334  1276  1198  1088  926  751
581  464  383  283  215  188  150  117  111  112  115  119
124  132  133  133  141  145  155  171  188  197
5537  5053  4432  3990  3516  3211  3141  3192  3435  3863
4118  4220  4398  4720  5530  6969  8468  9103  8723  12908
20721  17249  7362  3841  1937  1283  1106  1007  967  958
963  956  962  967  952  962  1085  1192  1116  1004  1002
1066  1167  1248  1277  1283  1270  1209  1084  924  752
569  444  369  264  200  181  144  115  113  114  117  120
124  130  133  133  140  145  155  172  188  197
5537  5011  4380  3921  3485  3219  3149  3222  3455  3889
4176  4283  4458  4795  5744  7506  9301  9942  9234  12220
20323  16839  6869  3856  1866  1294  1123  1043  1019  1018
1045  1071  1114  1119  1052  1043  1152  1223  1128  1039
1073  1172  1291  1384  1420  1419  1384  1272  1103  909
705  527  433  345  261  290  289  657  734  247  118  115
117  123  129  131  133  139  145  152  173  190  197
5537  4967  4396  3932  3487  3183  3150  3265  3513  3909
4184  4312  4441  4690  5523  7110  8947  9696  9030  11660
21449  16612  6534  3818  1784  1312  1151  1053  1009  998
1008  993  995  1021  998  1001  1099  1167  1070  941  933
1010  1136  1272  1320  1299  1244  1142  995  826  641
485  399  314  222  197  169  125  111  109  108  110  113
118  124  127  133  136  144  152  172  192  197
5537  4671  4216  3753  3317  3068  3148  3343  3662  4093
4260  4365  4435  4762  5779  7516  9049  9354  8515  14110
23929  12072  5124  3235  1459  1258  1089  999  962  953
967  998  1025  1045  1007  1017  1120  1156  1020  913
926  1011  1146  1235  1254  1207  1133  1030  899  739
574  437  394  296  204  198  162  114  106  108  108  110
111  119  124  128  128  134  147  160  185  201  197
