IESNA:LM-63-2002
[TEST] LTL20444P
[TESTDATE] 8/4/2011
[ISSUEDATE] 1/16/2014
[TESTLAB] SCALED PHOTOMETRY
[TESTMETHOD] 
[MANUFAC] Lithonia Lighting
[LUMCAT] RHMC 315MP PA22L TVOLT HEB (LEG 6, SC=2.0)
[LUMINAIRE] OPEN ELECTRONIC BALLAST HIGHBAY INDUSTRIAL WITH PRISMATIC REFRACTOR WITH CLEAR TEMPERED GLASS LENS
[LAMPCAT] CDM ELITE MW 315/T12/942/U/E
[LAMP] ONE 315-WATT CERAMIC METAL HALIDE (PHILIPS)
[BALLAST] ADVANCE MW ELITE BALLAST
[BALLASTCAT] IZTMH210315RLF
[DISTRIBUTION] SEMI-DIRECT, SC-0=2.12, SC-90=2.07
[_LAMPPOSITION] 0 , 0
[_LAMPTYPE] METAL HALIDE
[_LAMPWATTAGE] 315
[_LAMPLUMENS] 35500
[_MOUNTING] Suspended
[_FAMILY] RHMC PA22
[_PRODUCTID] 3ec61415-e7e9-4e37-a8f9-4a833d4cd493
[_BALLAST_TYPE] NA
[_FIXTURE_TYPE] NA
[_PRORATEDDATA] LAMP LUMENS PRORATED FROM 34700 TO 35500 LUMENS/LAMP
TILT=NONE
1  35500  1.02305  73  9  1  1  -1.75  -1.75  1.19
1  1  339
0  2.5  5  7.5  10  12.5  15  17.5  20  22.5  25  27.5  30
32.5  35  37.5  40  42.5  45  47.5  50  52.5  55  57.5  60
62.5  65  67.5  70  72.5  75  77.5  80  82.5  85  87.5  90
92.5  95  97.5  100  102.5  105  107.5  110  112.5  115
117.5  120  122.5  125  127.5  130  132.5  135  137.5  140
142.5  145  147.5  150  152.5  155  157.5  160  162.5  165  167.5  170  172.5  175  177.5  180
0  22.5  45  67.5  90  112.5  135  157.5  180
6817  6753  6241  5912  5438  5050  4906  5205  6151  8630
11484  12372  11716  10462  9379  9600  11871  15881  15628
7611  4247  2231  1114  1037  919  857  813  762  728  713
698  690  720  774  834  764  630  639  700  764  836  899
944  932  891  850  790  666  540  505  505  440  442  468
489  496  453  388  347  311  273  247  232  222  214  214
221  222  221  211  216  229  245
6817  6573  6086  5675  5220  4920  4933  5370  6739  9425
12039  12502  11664  10315  9376  10052  12745  16351  13568
6653  3892  1773  1083  1019  921  869  828  772  747  733
714  730  776  833  855  739  638  673  743  820  892  951
990  972  916  858  790  670  555  520  493  439  446  473
496  514  518  421  332  299  268  246  233  223  215  214
214  213  214  209  222  233  245
6817  6512  6008  5581  5174  4859  4914  5351  6853  9749
12203  12871  12030  10529  9573  10049  12648  16560  13199
6570  3978  1714  1090  1023  924  874  850  820  800  789
754  759  802  863  879  758  659  695  763  837  909  955
971  946  908  872  801  680  573  533  497  445  473  525
707  989  751  428  335  304  269  245  231  221  213  210
210  209  211  209  222  238  245
6817  6415  5964  5575  5155  4840  4893  5333  6826  9505
11698  12345  11683  10267  9252  9746  12480  16361  12944
6517  3885  1543  1075  989  897  845  819  787  781  787
764  760  809  885  905  778  667  702  774  852  913  959
974  956  929  881  801  676  577  545  511  450  446  472
489  485  460  408  328  298  267  247  234  226  218  214
209  206  209  209  226  242  245
6817  6347  5866  5472  5089  4805  4837  5303  6766  9462
11642  12210  11568  10077  9039  9699  12813  16115  12477
6372  3804  1473  1063  973  908  876  852  820  806  810
790  801  864  938  932  791  682  723  800  881  965  1007
1028  1007  956  892  813  691  582  553  520  457  457
478  491  485  464  401  328  300  267  248  236  228  218
214  210  210  212  211  229  247  245
6817  6251  5741  5378  5006  4758  4799  5301  6845  9385
11455  11989  11328  9917  8993  9892  13719  15795  11853
6312  3745  1364  1066  959  890  855  833  805  802  815
793  795  849  921  919  783  706  760  834  904  985  1042
1056  1041  1006  950  868  740  619  580  536  471  464
486  500  498  505  420  326  298  269  248  236  229  220
218  215  213  216  213  230  245  245
6817  6176  5683  5325  4950  4725  4804  5392  7041  9457
11322  11904  11198  9829  8825  9738  13727  15742  11477
6330  3692  1312  1073  953  876  846  827  805  798  785
774  790  858  938  919  771  685  729  795  864  951  1017
1035  1008  965  894  819  704  597  569  534  481  506
534  619  919  754  395  332  302  269  250  235  229  222
222  219  218  217  215  229  242  245
6817  6169  5681  5323  4947  4692  4733  5330  7021  9370
11119  11568  10966  9660  8609  9501  13246  16087  11883
6345  3612  1286  1075  954  885  854  818  786  783  787
766  774  843  918  895  753  679  729  786  842  917  987
1018  984  939  883  809  681  569  559  534  463  464  483
500  499  463  402  344  296  268  248  237  231  222  224
220  219  219  213  226  234  245
6817  6051  5604  5227  4837  4587  4702  5462  7363  9876
11335  11538  10704  9284  8306  9662  13942  16427  9637
5461  2779  1092  1043  895  847  826  800  783  782  796
777  806  890  953  881  713  684  754  816  855  924  981
996  965  919  867  780  641  541  563  514  446  453  469
469  446  388  343  319  285  255  240  231  226  221  219
214  213  213  213  232  237  245
